function x = chi2inv_LUT(p, v)

% x = chi2inv_LUT(p, v)
%
% DESC:
% returns the inverse of the chi-square cdf with V  degrees of freedom 
% at the values in P. The chi-square cdf with V degrees of freedom, is the 
% gamma cdf with parameters V/2 and 2. Uses a look up table.  
%
% VERSION:
% 1.0
%
% INPUT:
% p                 = probability
% v                 = degrees of freedom
%
% OUTPUT:
% x                 = inverse value


% AUTHOR:
% Marco Zuliani, email: marco.zuliani@gmail.com
% Copyright (C) 2009 by Marco Zuliani 
% 
% LICENSE:
% This toolbox is distributed under the terms of the GNU GPL.
% Please refer to the files COPYING.txt for more information.


%load chi2inv_LUT;
p_LUT = [...
    0.5000    0.5010    0.5020    0.5029    0.5039    0.5049    0.5059    0.5068    0.5078    0.5088    0.5098    0.5108    0.5117    0.5127    0.5137    0.5147 ...
    0.5157    0.5166    0.5176    0.5186    0.5196    0.5205    0.5215    0.5225    0.5235    0.5245    0.5254    0.5264    0.5274    0.5284    0.5294    0.5303 ...
    0.5313    0.5323    0.5333    0.5342    0.5352    0.5362    0.5372    0.5382    0.5391    0.5401    0.5411    0.5421    0.5431    0.5440    0.5450    0.5460 ...
    0.5470    0.5479    0.5489    0.5499    0.5509    0.5519    0.5528    0.5538    0.5548    0.5558    0.5568    0.5577    0.5587    0.5597    0.5607    0.5616 ...
    0.5626    0.5636    0.5646    0.5656    0.5665    0.5675    0.5685    0.5695    0.5705    0.5714    0.5724    0.5734    0.5744    0.5753    0.5763    0.5773 ...
    0.5783    0.5793    0.5802    0.5812    0.5822    0.5832    0.5841    0.5851    0.5861    0.5871    0.5881    0.5890    0.5900    0.5910    0.5920    0.5930 ...
    0.5939    0.5949    0.5959    0.5969    0.5978    0.5988    0.5998    0.6008    0.6018    0.6027    0.6037    0.6047    0.6057    0.6067    0.6076    0.6086 ...
    0.6096    0.6106    0.6115    0.6125    0.6135    0.6145    0.6155    0.6164    0.6174    0.6184    0.6194    0.6204    0.6213    0.6223    0.6233    0.6243 ...
    0.6252    0.6262    0.6272    0.6282    0.6292    0.6301    0.6311    0.6321    0.6331    0.6341    0.6350    0.6360    0.6370    0.6380    0.6389    0.6399 ...
    0.6409    0.6419    0.6429    0.6438    0.6448    0.6458    0.6468    0.6477    0.6487    0.6497    0.6507    0.6517    0.6526    0.6536    0.6546    0.6556 ...
    0.6566    0.6575    0.6585    0.6595    0.6605    0.6614    0.6624    0.6634    0.6644    0.6654    0.6663    0.6673    0.6683    0.6693    0.6703    0.6712 ...
    0.6722    0.6732    0.6742    0.6751    0.6761    0.6771    0.6781    0.6791    0.6800    0.6810    0.6820    0.6830    0.6840    0.6849    0.6859    0.6869 ...
    0.6879    0.6888    0.6898    0.6908    0.6918    0.6928    0.6937    0.6947    0.6957    0.6967    0.6977    0.6986    0.6996    0.7006    0.7016    0.7025 ...
    0.7035    0.7045    0.7055    0.7065    0.7074    0.7084    0.7094    0.7104    0.7114    0.7123    0.7133    0.7143    0.7153    0.7162    0.7172    0.7182 ...
    0.7192    0.7202    0.7211    0.7221    0.7231    0.7241    0.7250    0.7260    0.7270    0.7280    0.7290    0.7299    0.7309    0.7319    0.7329    0.7339 ...
    0.7348    0.7358    0.7368    0.7378    0.7387    0.7397    0.7407    0.7417    0.7427    0.7436    0.7446    0.7456    0.7466    0.7476    0.7485    0.7495 ...
    0.7505    0.7515    0.7524    0.7534    0.7544    0.7554    0.7564    0.7573    0.7583    0.7593    0.7603    0.7613    0.7622    0.7632    0.7642    0.7652 ...
    0.7661    0.7671    0.7681    0.7691    0.7701    0.7710    0.7720    0.7730    0.7740    0.7750    0.7759    0.7769    0.7779    0.7789    0.7798    0.7808 ...
    0.7818    0.7828    0.7838    0.7847    0.7857    0.7867    0.7877    0.7886    0.7896    0.7906    0.7916    0.7926    0.7935    0.7945    0.7955    0.7965 ...
    0.7975    0.7984    0.7994    0.8004    0.8014    0.8023    0.8033    0.8043    0.8053    0.8063    0.8072    0.8082    0.8092    0.8102    0.8112    0.8121 ...
    0.8131    0.8141    0.8151    0.8160    0.8170    0.8180    0.8190    0.8200    0.8209    0.8219    0.8229    0.8239    0.8249    0.8258    0.8268    0.8278 ...
    0.8288    0.8297    0.8307    0.8317    0.8327    0.8337    0.8346    0.8356    0.8366    0.8376    0.8386    0.8395    0.8405    0.8415    0.8425    0.8434 ...
    0.8444    0.8454    0.8464    0.8474    0.8483    0.8493    0.8503    0.8513    0.8523    0.8532    0.8542    0.8552    0.8562    0.8571    0.8581    0.8591 ...
    0.8601    0.8611    0.8620    0.8630    0.8640    0.8650    0.8659    0.8669    0.8679    0.8689    0.8699    0.8708    0.8718    0.8728    0.8738    0.8748 ...
    0.8757    0.8767    0.8777    0.8787    0.8796    0.8806    0.8816    0.8826    0.8836    0.8845    0.8855    0.8865    0.8875    0.8885    0.8894    0.8904 ...
    0.8914    0.8924    0.8933    0.8943    0.8953    0.8963    0.8973    0.8982    0.8992    0.9002    0.9012    0.9022    0.9031    0.9041    0.9051    0.9061 ...
    0.9070    0.9080    0.9090    0.9100    0.9110    0.9119    0.9129    0.9139    0.9149    0.9159    0.9168    0.9178    0.9188    0.9198    0.9207    0.9217 ...
    0.9227    0.9237    0.9247    0.9256    0.9266    0.9276    0.9286    0.9295    0.9305    0.9315    0.9325    0.9335    0.9344    0.9354    0.9364    0.9374 ...
    0.9384    0.9393    0.9403    0.9413    0.9423    0.9432    0.9442    0.9452    0.9462    0.9472    0.9481    0.9491    0.9501    0.9511    0.9521    0.9530 ...
    0.9540    0.9550    0.9560    0.9569    0.9579    0.9589    0.9599    0.9609    0.9618    0.9628    0.9638    0.9648    0.9658    0.9667    0.9677    0.9687 ...
    0.9697    0.9706    0.9716    0.9726    0.9736    0.9746    0.9755    0.9765    0.9775    0.9785    0.9795    0.9804    0.9814    0.9824    0.9834    0.9843 ...
    0.9853    0.9863    0.9873    0.9883    0.9892    0.9902    0.9912    0.9922    0.9932    0.9941    0.9951    0.9961    0.9971    0.9980    0.9990    1.0000];
v_LUT = 1:8;
